3.7920475006103514e-6
1.6898632049560547e-5
3.780627250671387e-5
6.534242630004882e-5
9.958648681640626e-5
0.00013997459411621094
0.00019043231010437012
0.00024199485778808594
0.000303605318069458
0.0003712303638458252
0.0004469902515411377
0.0005299146175384522
0.0006173017024993896
0.0007121639251708985
0.0008156189918518067
0.0009209761619567871
0.0010344176292419434
0.0011581079959869386
0.0012884418964385987
0.0014263713359832764
0.0015694143772125243
0.0017206568717956542
0.00187565279006958
0.0020236990451812744
0.002202463150024414
0.0023776023387908937
0.0025586812496185304
0.0027478108406066896
0.0029452693462371825
0.0031342923641204832
0.003344599485397339
0.0035617759227752686
0.0037808845043182373
0.004000102281570435
0.004241327047348023
0.004491024255752564
0.004747833251953125
0.005017359256744385
0.005259633302688599
0.005513652563095093
0.005796088457107544
0.006064922332763672
0.006370209693908692
0.006664619445800781
0.006962762117385864
0.0072613844871521
0.007584498643875122
0.007903860330581665
0.008229612112045289
0.00856841802597046
0.00890748381614685
0.009266700744628906
0.009605687856674195
0.009983064889907836
0.01033914875984192
0.010714793682098388
0.011092410564422608
0.01148572039604187
0.011877391338348389
0.012283134460449218
0.012691019773483277
0.013114268064498901
0.01352786111831665
0.014107457399368285
0.01442611575126648
0.014851287126541138
0.015285153150558471
0.015752968788146974
0.016202781200408935
0.01668729329109192
0.017357126712799074
0.017886548280715942
0.01811502742767334
0.018747124433517455
0.019496398210525512
0.019982313394546508
0.02034437346458435
0.020730452537536623
0.021572067975997925
0.022164684772491457
0.022493272542953493
0.022817878484725954
0.023740723371505738
0.024038894414901733
0.024683367252349854
0.02537898588180542
0.02569523310661316
0.02634403610229492
0.027292383432388306
0.027515968799591065
0.028509519100189208
0.028833189249038695
0.02965811824798584
0.030132570028305054
0.03099164915084839
0.03181120920181275
0.031915254831314084
0.032618996143341066
0.03377278161048889
0.03403113102912903
